Обчислення добутку P_n = ∏(1 + 1/k²) для n = 5
Рекурентне співвідношення: P_k = P_{k-1} * (1 + 1/k²)

Цикл з лічильником:
P_1 = 2.0
P_2 = 2.5
P_3 = 2.7777777777777777
P_4 = 2.951388888888889
P_5 = 3.0694444444444446

Генератор-функція:
P_1 = 2.0
P_2 = 2.5
P_3 = 2.7777777777777777
P_4 = 2.951388888888889
P_5 = 3.0694444444444446

Цикл з умовою (до |1/k²| < 1e-6):
Остаточний P = 3.6724055060924186 
